File Read: 0:27030900 
Calculate: 0:20063800 
10558292883.502380
9863087805.587589
11183380220.888172
9565648673.416506
10242266024.952950
10481350655.070400
9511525407.131554
9406815823.415344
10326559560.619205
9750865194.104380
9843998796.386522
9428083021.873295
10177805544.321482
10140937732.990015
10036486975.687519
10239159251.743729
9673971223.567024
10009363991.279827
10300567672.047327
10102478070.959969
10721632797.819309
10338503867.108387
10247299372.478638
10538058768.525890
9874809929.870714
10063012067.826769
9826733929.023020
10254988480.300282
10241969626.491209
10578628255.446053
11050857513.904293
9952715188.417584
10257135624.802948
9856275024.738535
10064752686.053452
9835231234.213396
10146847646.834858
9924679655.093023
9614656638.434521
10154937594.379410
10818487374.302515
10426051676.428104
10402200905.097530
9774893715.568344
10551895099.961100
9866878777.239506
10275649882.142506
10624675051.082794
10262251978.216875
9192099806.183312
10638019167.941643
8967028885.146534
10090377606.321190
10193388810.977200
10349720388.170086
10160636857.631199
10036222067.076736
10368168668.321911
10278279513.081917
10240663583.304140
10342216238.762655
9899070439.437565
10367559539.162205
10049241604.516129
10858266312.916233
9902061059.342873
9947111868.324612
9852137669.303818
9838120047.595497
10331438438.444937
9466436293.144041
9543514982.677395
10404635866.638863
9649274361.904495
9987720899.370163
10556904788.389984
10752502253.583363
10791134949.047361
9865487792.443312
9977290483.817068
10462596901.819374
10829043084.973812
9753748797.240864
8950410914.555431
9910985237.220749
9957405380.882969
10351523402.178532
10030299332.495281
10487555037.444040
9793977378.352951
9733185888.670208
10400995157.371044
10756620674.404087
10201618924.686935
9943058689.521877
10479156884.635412
10672422337.896547
10420865937.017178
9733973854.814169
10037883347.278015
9563523692.756887
9969490307.421703
10042932951.412731
9705722058.394547
9906251617.120089
9641840468.704235
9332001730.507786
10519092356.768925
9990244635.481571
9761976089.228245
10181867172.361538
9746793303.075815
10076778380.263855
10440727868.074802
10198630327.540916
9795546403.812817
10081423903.840366
10627451309.486740
10020498360.563509
10350653838.407410
9603574418.042423
10536809895.960564
10076553387.594952
10431701548.986885
10298565404.158138
9728003779.679709
10606835584.648762
9655456967.117165
11696202454.560762
9904056307.401516
9943864980.155861
9478775575.528221
9386523793.764832
10164682053.905037
10383946712.875221
10044147828.526396
8588236123.012156
10524541199.792763
10581040726.687656
9943720034.189840
10755583237.844666
10478070808.705238
10164306153.270588
10809629649.704292
10493443294.181480
9933910361.023449
10045818206.943562
10166560964.511492
9441353350.297386
10662269624.230507
10285389935.789412
10243050344.709909
10152459294.575996
9850245188.562923
10069266469.140196
10184746353.595844
9566120111.675114
10456387784.591137
9873631630.859253
10767238125.750862
9714185634.916073
11183148678.799461
9501560048.494198
9442766952.992344
9375041239.813046
10297719416.789375
11240997799.607082
9626737362.862557
10201950289.259563
9968997377.854137
10014936350.401310
9398125032.272541
9608921308.125732
10339192891.164261
8861671731.712811
9826742076.802609
10816399882.285320
10483668410.331776
10759787733.464283
10015743282.005611
10845449431.323307
10457568774.386349
9814232067.470676
10354917355.699963
10496161901.065647
10653424756.557339
10223786584.978456
9961290819.834761
10504731762.648426
9942292808.718109
10113548871.701786
9944666782.043156
9982253697.282990
10085469420.618057
9612294880.612774
10139431829.900824
9588288907.534424
10702640313.914783
9960363258.660435
10650845517.845190
File Write: 0:163200 
